Generated by GetData Graph Digitizer 2.26.0.20 on June 02 2025, 15:20
from file 'cr39-size-vs-energy.jpg'

Line #1
 4.56059905797450e-002    1.28543307086614e+000
 4.67840503754346e-002    1.28543307086614e+000
 4.86675105439225e-002    1.28740157480315e+000
 5.06267961738190e-002    1.29658792650919e+000
 5.26329903561537e-002    1.30774278215223e+000
 5.47519206345007e-002    1.32086614173228e+000
 5.69215816233466e-002    1.33923884514436e+000
 5.92131645635701e-002    1.35498687664042e+000
 6.15596118058014e-002    1.36679790026247e+000
 6.40379153279069e-002    1.38188976377953e+000
 6.66159918694892e-002    1.40485564304462e+000
 6.92557918457741e-002    1.43832020997375e+000
 7.20439327684141e-002    1.46194225721785e+000
 7.48988264159653e-002    1.47703412073491e+000
 7.79141479857931e-002    1.51049868766404e+000
 8.10508621675555e-002    1.55380577427822e+000
 8.42626744970477e-002    1.61614173228346e+000
 8.76549714408109e-002    1.64566929133858e+000
 9.11284856081603e-002    1.65551181102362e+000
 9.47971904654831e-002    1.65485564304462e+000
 9.86135922283379e-002    1.67454068241470e+000
 1.02521364988604e-001    1.70275590551181e+000
 1.06648731170572e-001    1.73556430446194e+000
 1.10874913354671e-001    1.75131233595801e+000
 1.15338581662828e-001    1.75524934383202e+000
 1.19981950988668e-001    1.75984251968504e+000
 1.24736490289006e-001    1.75853018372703e+000
 1.29758206218494e-001    1.74540682414698e+000
 1.34900150368623e-001    1.73425196850394e+000
 1.40331040979919e-001    1.72047244094488e+000
 1.45891956133394e-001    1.74015748031496e+000
 1.51765361408802e-001    1.75459317585302e+000
 1.57875221732476e-001    1.70931758530184e+000
 1.64131362261042e-001    1.64304461942257e+000
 1.70739060413245e-001    1.61679790026247e+000
 1.77504957834885e-001    1.60892388451444e+000
 1.84651058164127e-001    1.58923884514436e+000
 1.92084850457234e-001    1.59186351706037e+000
 1.99696620085691e-001    1.58530183727034e+000
 2.07736125573026e-001    1.54330708661417e+000
 2.15968110175695e-001    1.50393700787402e+000
 2.24662683003727e-001    1.48162729658793e+000
 2.33707287123881e-001    1.49671916010499e+000
 2.42968434090151e-001    1.49868766404199e+000
 2.52750002041971e-001    1.45406824146982e+000
 2.62765756978166e-001    1.42125984251969e+000
 2.73344337347745e-001    1.39566929133858e+000
 2.84348796507324e-001    1.37860892388451e+000
 2.95616720698069e-001    1.38517060367454e+000
 3.07517834733851e-001    1.37204724409449e+000
 3.19703881207917e-001    1.31824146981627e+000
 3.32574710499822e-001    1.27296587926509e+000
 3.45753688823981e-001    1.26115485564304e+000
 3.59673246788326e-001    1.27099737532808e+000
 3.74153186608848e-001    1.19488188976378e+000
 3.88979800240481e-001    1.14370078740157e+000
 4.04639580747301e-001    1.12467191601050e+000
 4.20674282411030e-001    1.11942257217848e+000
 4.37610038260943e-001    1.11876640419948e+000
 4.55227603858207e-001    1.07874015748031e+000
 4.73266963239412e-001    1.04265091863517e+000
 4.92320026562691e-001    1.02099737532808e+000
 5.11829251869895e-001    1.01902887139108e+000
 5.32434778779769e-001    9.92125984251969e-001
 5.53869855266347e-001    9.47506561679790e-001
 5.75818123088606e-001    9.22572178477690e-001
 5.98999752093099e-001    9.06824146981627e-001
 6.22736387801652e-001    9.10104986876640e-001
 6.47806880255385e-001    9.34383202099738e-001
 6.73886675528393e-001    9.07480314960630e-001
 7.00590864419909e-001    8.85170603674541e-001
 7.28795668769946e-001    8.85170603674541e-001
 7.57675742985527e-001    8.87139107611549e-001
 7.88178704381362e-001    8.37926509186352e-001
 8.19411957339757e-001    8.07742782152231e-001
 8.52400332028292e-001    8.03805774278215e-001
 8.86716772355659e-001    8.12992125984252e-001
 9.21854805265561e-001    8.30708661417323e-001
 9.58967385149378e-001    8.23490813648294e-001
 9.96968501841220e-001    8.02493438320210e-001
 1.03710505366575e+000    8.00524934383202e-001
 1.07885744670230e+000    8.10367454068242e-001
 1.12160946138068e+000    8.05118110236220e-001
 1.16676388320088e+000    7.70997375328084e-001
 1.21299937688290e+000    7.42782152230971e-001
 1.26183302836083e+000    7.29002624671916e-001
 1.31263265406933e+000    7.27690288713911e-001
