6.283995790510262802e-01
8.788058527538250564e-01
1.028440370294479544e+00
1.129172717786044444e+00
1.205426062140477317e+00
1.265148698263371507e+00
1.313561042346478747e+00
1.349350083573563230e+00
1.376071916354674407e+00
1.393790857433907737e+00
1.406589144275172565e+00
1.415530384919948537e+00
1.421053717187245935e+00
1.422838291748431683e+00
1.420795933541376677e+00
1.415762350688773985e+00
1.408510395284936489e+00
1.399607276022245106e+00
1.389694065468554118e+00
1.378268195445267796e+00
1.365173889240637095e+00
1.351105900222400624e+00
1.336426925623462658e+00
1.322589805844035515e+00
1.309423970171827767e+00
1.296524535242773446e+00
1.285496080535581287e+00
1.274084570963888163e+00
1.262907707610682273e+00
1.252225578000683015e+00
1.241557456792082403e+00
1.230954812087121208e+00
1.220431091561524850e+00
1.209662659409428631e+00
1.199612500732342601e+00
1.189865561123907289e+00
1.180096863486891134e+00
1.170258749392403486e+00
1.160695498763322231e+00
1.151869643241463681e+00
1.143402497784057337e+00
1.133982709778301956e+00
1.125196420256755259e+00
1.116856000776061730e+00
1.108107343187568095e+00
1.099943629512048604e+00
1.092131863713797113e+00
1.084506383565555732e+00
1.076571405829602313e+00
1.068630070765956397e+00
1.062209311961037850e+00
1.055805816593899715e+00
1.047526377393270813e+00
1.040705020233496203e+00
1.034868781724185727e+00
1.027117960931386298e+00
1.021009473034325321e+00
1.013966326901500237e+00
1.007973181726202982e+00
1.000801901145465855e+00
9.947201340290982019e-01
9.888437294391958510e-01
9.836090936541775909e-01
9.766795015328961771e-01
9.717571867691978671e-01
9.658940556306885306e-01
9.611164208717135615e-01
9.557010475633891389e-01
9.502373319676105101e-01
9.446683363252523780e-01
9.397575878264234905e-01
9.354656603227231582e-01
9.280591322353866079e-01
9.244790802258866513e-01
9.187194182298416001e-01
9.139050250539049181e-01
9.089319601405952964e-01
9.045999840174133722e-01
9.022873586090085496e-01
8.959594297397714957e-01
8.909865984444697018e-01
8.869484759450908529e-01
8.829351479593960939e-01
8.771840719671706310e-01
8.738478616825452461e-01
8.703383093058068010e-01
8.658665136475749424e-01
8.619153709537595853e-01
8.575745553473567151e-01
8.511336305568261151e-01
8.482705075058711852e-01
8.432979822414713444e-01
8.416970900266648181e-01
8.368269832879289272e-01
8.333539196799693016e-01
8.312954327809281008e-01
8.239416602054759897e-01
8.225043462082639589e-01
8.178852382398623666e-01
8.142980507627236575e-01
8.104267220361079938e-01
8.091253862438914091e-01
8.033400830359844758e-01
8.014417569546723463e-01
7.976693917668451483e-01
7.908083127013624258e-01
7.896087930489059659e-01
7.862784610846476063e-01
7.842220432265943897e-01
7.781868806694430818e-01
7.754762666624213097e-01
7.725879162306735770e-01
7.720010849971195022e-01
7.685410206967013824e-01
7.630064688805381357e-01
7.590699930307724941e-01
7.575318509305851711e-01
7.528397801370940723e-01
7.509600474073055976e-01
7.474758524231284174e-01
7.453433393790079853e-01
7.422707260346766978e-01
7.381596607471537785e-01
7.377428806110418735e-01
7.332984662913339946e-01
7.279999123964906449e-01
7.243121761566033712e-01
7.239956025531099071e-01
7.209604556925541807e-01
7.177067614651287952e-01
7.186394066491730293e-01
7.142057677580896380e-01
7.129397431180126699e-01
7.074835172599749367e-01
7.037219759901900407e-01
7.049769195808947009e-01
7.013030154405257566e-01
6.991016588748358851e-01
6.969466329142850469e-01
6.914875955862102019e-01
6.867645601421213941e-01
6.868012978769875154e-01
6.853156867673855235e-01
6.822725430681876313e-01
6.800086122720484516e-01
6.791246828599016849e-01
6.772708117510033432e-01
6.731685524354692474e-01
6.653322447991361077e-01
6.672224997542511860e-01
6.627575233369781271e-01
6.583156651744461740e-01
6.558980362028504763e-01
6.591096262754152502e-01
6.600248438217144464e-01
6.572592098436218500e-01
6.476323188725474633e-01
6.492805201720943664e-01
6.464712165024160129e-01
6.430379158168312292e-01
6.412077982634158957e-01
6.403322117453721374e-01
6.365935506001983990e-01
6.358129445527096468e-01
6.293430874152897703e-01
6.264757009570698365e-01
6.306073156168772176e-01
6.264030552629854531e-01
6.226483419497357286e-01
6.205893685278727201e-01
6.233579367489663348e-01
6.163600874303354349e-01
6.194293698775814594e-01
6.155974050962845778e-01
6.122564414132379840e-01
6.104508608848928652e-01
6.080349909249015417e-01
6.042443146183492653e-01
6.035910475720165369e-01
5.999032241706759860e-01
6.019458682178476794e-01
5.944553035223910653e-01
5.943160376675278300e-01
5.888967331837656749e-01
5.909110041646831180e-01
5.891568410018477309e-01
5.897642079759477518e-01
5.853862999403109946e-01
5.796095694088699846e-01
5.829936800640092009e-01
5.785634759203140964e-01
5.749509264355557869e-01
5.732543830382724748e-01
5.690296551291343929e-01
5.718788665235745583e-01
5.727410103120672558e-01
5.710423409724432187e-01
5.655088768666161059e-01
5.633345651516215025e-01
5.637404809619008805e-01
5.615675532322925712e-01
5.607003897850689755e-01
5.523113131366491624e-01
5.523379753443382612e-01
5.480112847389848607e-01
5.466540108689827981e-01
5.516297457214003330e-01
5.470007406407111361e-01
5.450610177329411332e-01
5.477821186220461769e-01
5.398381783843861914e-01
5.358604702486078342e-01
5.354723462517773092e-01
5.305707648484528915e-01
5.282518223476592167e-01
5.288511908264206252e-01
5.343131411955629462e-01
5.277772905397006831e-01
5.302772790561173233e-01
5.256324850043981867e-01
5.264966963639946540e-01
5.182254138526922738e-01
5.151684009522488061e-01
5.240323295395705738e-01
5.210398501864462739e-01
5.164152909421718673e-01
5.202142693478050139e-01
5.140107318810220871e-01
5.096514399559054498e-01
5.099079110088230449e-01
5.043553013165835708e-01
5.100654924731440332e-01
5.125902729764748589e-01
4.996434399030907914e-01
5.090397812852865966e-01
5.013469164830046676e-01
5.034762230113879466e-01
4.987467452742657126e-01
4.919462361672087836e-01
4.947721678417274505e-01
4.854755419756230372e-01
4.910864627564183738e-01
4.885906780487292433e-01
4.883152693615926410e-01
4.871677007118292990e-01
4.816678837828423654e-01
4.793241859040117125e-01
4.819502065386334078e-01
4.755931673580675034e-01
4.758557244224729810e-01
4.683161392489860742e-01
4.751979531073304841e-01
4.770860892096157602e-01
4.703554134846428814e-01
4.638753168757027701e-01
4.653690551755710336e-01
4.641690035547396675e-01
4.692999659830990322e-01
4.594277899507331897e-01
4.607506377849025503e-01
4.554866461884217732e-01
4.493108785560611107e-01
4.523627890385825134e-01
4.465614055433272944e-01
4.575211948505407689e-01
4.514902792180593427e-01
4.533185709299277222e-01
4.464134634517844535e-01
4.398870139792004919e-01
4.413739824517798338e-01
4.464757644106877033e-01
4.513059019352855250e-01
4.431979787179394226e-01
4.413903780024810430e-01
4.379322096091318173e-01
4.293031627043719656e-01
4.358418127123038222e-01
4.272146988047359484e-01
4.344479040913469259e-01
4.345073363380621001e-01
4.301479445520448586e-01
4.318677276758705053e-01
4.222020274531595452e-01
4.194072667452727887e-01
4.225629045388913929e-01
4.195430682240273157e-01
4.091795228543904650e-01
4.177088195125405745e-01
4.213400704017215004e-01
4.139700031223088050e-01
4.230296340045494041e-01
4.127112165223824625e-01
4.050283277540345783e-01
4.152577280408735749e-01
4.067006423604961340e-01
3.964767388953436278e-01
4.166588078899137737e-01
4.131132466792702962e-01
4.061644764353410930e-01
4.096020097318989750e-01
4.068939903607471931e-01
3.982096442261873759e-01
4.027984393199052771e-01
3.974732654009731081e-01
3.939174431646617069e-01
3.831348165451872179e-01
3.884041882944104795e-01
3.982737906558582730e-01
3.814630213633051214e-01
3.866834123026771652e-01
3.958829402774428075e-01
3.883336776547396396e-01
3.809064641613056357e-01
3.912684206771934736e-01
3.830875633493785459e-01
3.773689917316295772e-01
3.695273846019329622e-01
3.783193940928294419e-01
3.756289590838224890e-01
3.676451213935694184e-01
3.770933061641066897e-01
3.839374783830335480e-01
3.786871646318126783e-01
3.707874326003687271e-01
3.801523418505537433e-01
3.728020514766555715e-01
3.696110564029915779e-01
3.630976415486906195e-01
3.576079448448838405e-01
3.702313642261387816e-01
3.666840612262238230e-01
3.577095317091949500e-01
3.508872085565308829e-01
3.616427900285167918e-01
3.547827452263392911e-01
3.506428963219679340e-01
3.418807018224050420e-01
3.361119419705282385e-01
3.467407128295697527e-01
3.425731583391137813e-01
3.373972855009539362e-01
3.445125151352338988e-01
3.574689816890116445e-01
3.520354683381105021e-01
3.476108568834568313e-01
3.397117430524230763e-01
3.375242915720704784e-01
3.459116739833192344e-01
3.414595187058837022e-01
3.365847025706333318e-01
3.294226267705325228e-01
3.204606802042088143e-01
3.337643242693985601e-01
3.258079656156810944e-01
3.206926795169833810e-01
3.154197444170637188e-01
3.101018371279757324e-01
3.249357017864387132e-01
3.175047048419943896e-01
3.311453564084472778e-01
3.264407750189409207e-01
3.213163647100307774e-01
3.362216709483759614e-01
3.303338415920713533e-01
3.252280170837993922e-01
3.191877049113397979e-01
3.139216818241849505e-01
3.107972089601544474e-01
3.222578368379671043e-01
3.182261070110830592e-01
3.116909144642137641e-01
3.082333901004511989e-01
3.023782020417318250e-01
2.975692462630283308e-01
3.119006519616200901e-01
3.044453304299491458e-01
2.965397027046169920e-01
2.957618592514497657e-01
2.876724811306171081e-01
2.846627864964678678e-01
2.987384550761981172e-01
2.961072791941767868e-01
2.888934329816714164e-01
2.872751641031477954e-01
2.816732809896944634e-01
2.764724644720392144e-01
2.903550584812815138e-01
2.858583728228333287e-01
2.833686143809336366e-01
2.764980953308775469e-01
2.728747865366721315e-01
2.669939601424437536e-01
2.620754032464647221e-01
2.780822218142086633e-01
2.708657722598437623e-01
2.667421445529579715e-01
2.629822062153879814e-01
2.597365360200658002e-01
2.564565143729655161e-01
2.502822622124095120e-01
2.672113556294939962e-01
2.638713116313786133e-01
2.580278233747214656e-01
2.521012294747995708e-01
2.471453452395460659e-01
2.646528596248921006e-01
2.409969602502694819e-01
2.584915738894041359e-01
2.558288914370058786e-01
2.521058052708213260e-01
2.495352011240145051e-01
2.456511662760414438e-01
2.438286541214347014e-01
2.408411310451962495e-01
2.410424922658879754e-01
2.384843228331021137e-01
2.375348802613615196e-01
2.386616950648875468e-01
2.418389029289908232e-01
2.414059250982313609e-01
2.425771664859640020e-01
2.446394745683075911e-01
2.412316653796150179e-01
2.411743706715983315e-01
2.207496232708943684e-01
2.203813751197366277e-01
2.230767699997108222e-01
2.240750013566108756e-01
2.215330927855919674e-01
2.238575271754531804e-01
2.223188876344704135e-01
2.260709912866593896e-01
2.255696078135853988e-01
2.071016120453887110e-01
2.259040317232421102e-01
2.085899061700537682e-01
2.074482188905816260e-01
2.073009948496215282e-01
2.113341918629864924e-01
2.117050973671645853e-01
2.122079335944953571e-01
1.963439895174196870e-01
1.951539307326592698e-01
1.956929253892170928e-01
1.968366595179199541e-01
1.981689604664601534e-01
1.975239898547452022e-01
1.976755773968781604e-01
1.990542040338412755e-01
1.990443945051294794e-01
1.981712065044866911e-01
1.800524728969513100e-01
1.808133913002158144e-01
1.834720447355265294e-01
1.828205288653043104e-01
1.842769584667664773e-01
1.846007437903919302e-01
1.871864042500016034e-01
1.853259944160506323e-01
1.857502364874551171e-01
1.691390599702310982e-01
1.696299236062911719e-01
1.688483234185471638e-01
1.731071285811111859e-01
1.728311086048007761e-01
1.543113011148535552e-01
1.360705391189663271e-01
1.351760149448661408e-01
1.356322616248017976e-01
1.391462891285369929e-01
1.403689973174517269e-01
1.409904089171721830e-01
1.244662464438385241e-01
1.421598656685117701e-01
1.427460305821646180e-01
1.257649077100149726e-01
1.304706093923651555e-01
1.307955954199667148e-01
1.297648054749696578e-01
1.288509173298382215e-01
1.315509154286395310e-01
1.147314028679504300e-01
1.317108802961521330e-01
1.126482627080843540e-01
1.161692463857558894e-01
1.185043427728323384e-01
1.016048238442258805e-01
1.052324645386994023e-01
1.053920439356132027e-01
1.057724010866584047e-01
1.079800507378808339e-01
1.070588616725084014e-01
1.047289250961522394e-01
1.099738347085929963e-01
1.097489108282868053e-01
9.216595364146014380e-02
9.273396155956507847e-02
9.864701970369754713e-02
1.002840039570620928e-01
9.846220296998024757e-02
8.327530480448408490e-02
8.147362147408079847e-02
8.854964602181036870e-02
7.438995776126214321e-02
7.499082751370511613e-02
7.496640525820499890e-02
7.640516062038847644e-02
7.735818784479212007e-02
7.679066462964842521e-02
6.589752771410213594e-02
6.044424085272803726e-02
6.310253850491664984e-02
6.652731277185644498e-02
6.880710370782421037e-02
5.330134680457858376e-02
5.427279181835171357e-02
5.586966217448138122e-02
4.145233854905182314e-02
4.397315495276160613e-02
4.711131096287989733e-02
4.879016548741963583e-02
4.974668869814236755e-02
3.158110367428993565e-02
3.593154009307805707e-02
nan
nan
nan
nan
nan
nan
nan
nan
nan
nan
nan
nan
nan
nan
nan
nan
nan
nan
nan
nan
nan
nan
nan
nan
nan
nan
nan
nan
nan
nan
nan
nan
nan
nan
nan
nan
nan
nan
nan
nan
nan
nan
nan
nan
nan
nan
nan
nan
nan
nan
nan
nan
nan
nan
nan
nan
nan
nan
nan
nan
nan
nan
nan
nan
nan
nan
nan
nan
nan
nan
nan
nan
nan
nan
nan
nan
nan
nan
nan
nan
nan
nan
nan
nan
nan
nan
nan
nan
nan
nan
nan
nan
nan
nan
nan
nan
nan
nan
nan
nan
nan
nan
nan
nan
nan
nan
nan
nan
nan
nan
nan
nan
nan
nan
nan
nan
nan
nan
nan
nan
nan
nan
nan
nan
nan
nan
nan
nan
nan
nan
nan
nan
nan
nan
nan
nan
nan
nan
nan
nan
nan
nan
nan
nan
nan
nan
nan
nan
nan
nan
nan
nan
nan
nan
nan
nan
nan
nan
nan
nan
nan
nan
nan
nan
nan
nan
nan
nan
nan
nan
nan
nan
nan
nan
nan
nan
nan
nan
nan
nan
nan
nan
nan
nan
nan
nan
nan
nan
nan
nan
nan
nan
nan
nan
nan
nan
nan
nan
nan
nan
nan
nan
nan
nan
nan
nan
nan
nan
nan
nan
nan
nan
nan
nan
nan
nan
nan
nan
nan
nan
nan
nan
nan
nan
nan
nan
nan
nan
nan
nan
nan
nan
nan
nan
nan
nan
nan
nan
nan
nan
nan
nan
nan
nan
nan
nan
nan
nan
nan
nan
nan
nan
nan
nan
nan
nan
nan
nan
nan
nan
nan
nan
nan
nan
nan
nan
nan
nan
nan
nan
nan
nan
nan
nan
nan
nan
