3.560594976091288055e-01
7.191847663996089324e-01
9.020081689243925060e-01
1.018293002296231986e+00
1.102449758546672154e+00
1.166247853629878373e+00
1.216922672217486179e+00
1.253787819551790417e+00
1.281108470933178145e+00
1.299227130446058309e+00
1.312369890939740547e+00
1.321660154858439684e+00
1.327550208561803391e+00
1.329708141775475694e+00
1.328082698083059121e+00
1.323505210828765710e+00
1.316736070412580784e+00
1.308313923874613538e+00
1.298888380153444322e+00
1.287965009469790978e+00
1.275418114569998096e+00
1.261908239543789945e+00
1.247800720117802520e+00
1.234462443594319891e+00
1.221717354978001602e+00
1.209134784435495380e+00
1.198316459132432676e+00
1.187125757766842593e+00
1.176252546902674112e+00
1.165840127818437377e+00
1.155467473822241242e+00
1.145163606760230657e+00
1.134930187827226211e+00
1.124391979510657169e+00
1.114578571311050981e+00
1.104984993003225169e+00
1.095490970659953378e+00
1.085831404365081854e+00
1.076421987137067493e+00
1.067770238703850572e+00
1.059423224125612961e+00
1.050125866319111090e+00
1.041529513887696767e+00
1.033259988611008318e+00
1.024652318740708612e+00
1.016617874828186219e+00
1.008877578634699068e+00
1.001417823363399906e+00
9.935201833856633913e-01
9.856797897538666087e-01
9.793747922286076824e-01
9.729038426338658674e-01
9.647875258730610470e-01
9.580579584325731313e-01
9.522034603401261510e-01
9.445547759399648413e-01
9.383679949557718336e-01
9.312986608461510940e-01
9.254754801428982658e-01
9.185356581272863252e-01
9.123219050782095385e-01
9.064089064119472683e-01
9.013969408591918642e-01
8.944101373508499542e-01
8.895377787428189187e-01
8.835237139395958339e-01
8.788677822684206609e-01
8.734518784636203792e-01
8.677707345223955038e-01
8.622457094759334861e-01
8.574445751625809908e-01
8.529108548788932875e-01
8.458172963346978213e-01
8.419586647516933420e-01
8.363981912428195553e-01
8.314407592989344620e-01
8.265509298563852303e-01
8.222118217382164973e-01
8.198797254002777590e-01
8.134327052849625872e-01
8.086263493659225920e-01
8.045578449825057099e-01
8.006470692888748575e-01
7.948058391509988940e-01
7.909417068455447675e-01
7.875336847661122963e-01
7.831628735167990296e-01
7.792872909098877976e-01
7.749126919026215754e-01
7.686000108436810141e-01
7.653736418977622469e-01
7.610289047250875516e-01
7.587151072185415179e-01
7.536301269482367227e-01
7.507292164961943959e-01
7.481196831150352944e-01
7.410229010307715081e-01
7.391328171974670402e-01
7.350715467146902160e-01
7.314444059100730922e-01
7.275616215058494651e-01
7.259207202667800063e-01
7.196598392904418606e-01
7.183441919136370757e-01
7.140813619636093845e-01
7.075185199766225175e-01
7.068364833950392390e-01
7.027199556525047797e-01
7.007326347825536539e-01
6.944989805251871040e-01
6.916340274430766710e-01
6.891469044709531699e-01
6.878767922371655796e-01
6.850979663503319328e-01
6.796646035467412972e-01
6.751474365325179638e-01
6.730795378969929299e-01
6.689108151280620529e-01
6.661840055680905426e-01
6.641029497205045429e-01
6.607054410518651277e-01
6.574727838709080174e-01
6.528366226567916542e-01
6.538206091790651486e-01
6.490614190659641514e-01
6.433542431209745560e-01
6.398653457843728187e-01
6.401233572098128377e-01
6.367033771354172478e-01
6.337031253397091835e-01
6.334222235601488782e-01
6.293551136995454431e-01
6.285586064251810212e-01
6.219612045815055001e-01
6.190851988306236287e-01
6.195387064768896890e-01
6.154708359857915534e-01
6.135745677257893327e-01
6.114582085258667421e-01
6.068345799413497055e-01
6.014577196681895055e-01
6.021336355606303758e-01
5.999928687058503352e-01
5.967295629143788416e-01
5.938889574245588276e-01
5.934849935819221933e-01
5.913655631539439517e-01
5.873033053458418529e-01
5.795239138039892657e-01
5.821861108547488062e-01
5.772556273529123594e-01
5.721343521570090296e-01
5.698533855049764396e-01
5.728910734989397513e-01
5.732775927150884909e-01
5.706401546234199929e-01
5.607577981348820240e-01
5.612002382275163015e-01
5.601309088272745651e-01
5.581660365916647493e-01
5.543438404519501761e-01
5.521769896051779147e-01
5.484919461217656611e-01
5.485173520223879384e-01
5.423049377328883480e-01
5.397276811976053912e-01
5.440340953121671763e-01
5.415328218244587211e-01
5.372855841028508772e-01
5.335724450035710387e-01
5.362781351871829250e-01
5.305796043850017352e-01
5.326540277124884870e-01
5.275877581381647197e-01
5.245840184364015668e-01
5.214343854263472355e-01
5.217291283158169701e-01
5.151795318069861684e-01
5.145766943952047034e-01
5.109901941566258321e-01
5.132340225267000289e-01
5.084542705647683292e-01
5.053205271508159901e-01
5.008692537013773594e-01
5.052591836015171145e-01
5.023252855640409908e-01
5.014503675841690544e-01
4.985633988955724960e-01
4.926040515653394847e-01
4.946443005623907263e-01
4.917198404372112308e-01
4.864633715092208099e-01
4.843121364163689990e-01
4.801431896110473496e-01
4.822741863755062863e-01
4.849211394125080843e-01
4.815758251961412828e-01
4.768758685971593025e-01
4.759344103777245483e-01
4.772711617749719748e-01
4.745642685257345228e-01
4.738347518485052645e-01
4.615933840015463141e-01
4.658793952154257623e-01
4.595779770931176511e-01
4.580146035234283763e-01
4.607372552251314812e-01
4.598402327328993677e-01
4.586585499912332886e-01
4.604850157920568621e-01
4.496307866063549707e-01
4.479756765424040554e-01
4.479682687654865103e-01
4.396375235234908918e-01
4.392615800180563745e-01
4.403592267130031490e-01
4.447768245303964640e-01
4.354870079129611327e-01
4.377214637139375530e-01
4.368703055886375419e-01
4.394478522230151896e-01
4.276836892598631645e-01
4.259149740625690628e-01
4.335898400539111575e-01
4.334212100048827621e-01
4.260242455246050497e-01
4.305440299504411095e-01
4.208264036036705735e-01
4.186595023122806070e-01
4.220647245026011851e-01
4.139334546778726254e-01
4.198064155163736544e-01
4.230104326958548100e-01
4.092476806665975020e-01
4.185477979316428732e-01
4.074139170156264034e-01
4.123394899580686279e-01
4.115672931452869499e-01
4.023164298015602380e-01
4.083749460093648587e-01
3.960706411795948401e-01
4.028439450245426268e-01
3.957812113523796471e-01
3.981739327850489785e-01
3.929691701136813209e-01
3.940909825290425106e-01
3.861767449339487679e-01
3.916779689479690796e-01
3.820997090319869782e-01
3.870204501312647372e-01
3.784008576224126563e-01
3.828402865328156546e-01
3.900953713799074074e-01
3.817119763687338851e-01
3.726657874718855568e-01
3.780722526161168218e-01
3.711456072343121693e-01
3.789793815429545742e-01
3.678746700291629090e-01
3.752272426990135301e-01
3.670066227147175120e-01
3.566402334214068826e-01
3.628960744741277500e-01
3.538813160540412173e-01
3.654818028022102094e-01
3.566617536555634627e-01
3.648076802454246481e-01
3.576183890930183518e-01
3.472166013458073408e-01
3.536573534314889633e-01
3.513962065667615708e-01
3.601765807340490677e-01
3.499431443233215755e-01
3.558518702792040078e-01
3.497890335473701207e-01
3.384901092093210995e-01
3.498053982761573089e-01
3.384908605155928507e-01
3.370366318847530240e-01
3.439343113399311314e-01
3.371064424769648071e-01
3.455320945209710004e-01
3.335478486681516808e-01
3.274568483842278943e-01
3.376932669052812308e-01
3.312499578580146986e-01
3.173243749823473348e-01
3.335975319438327369e-01
3.305872981792187804e-01
3.183711356667964787e-01
3.352481572617002081e-01
3.226067222368538268e-01
3.126680798770978820e-01
3.301112208299096240e-01
3.192218454445791553e-01
3.063530389538233201e-01
3.278129184196338919e-01
3.205870867554664883e-01
3.122051873417482359e-01
3.242541619713484313e-01
3.176089769214862635e-01
3.057363622152073912e-01
3.199383509904246137e-01
3.122259508251959415e-01
3.058036221429499824e-01
2.932265127784277614e-01
3.069918805411891993e-01
3.069580308512555034e-01
2.929157941444170410e-01
2.898412189190351929e-01
3.074814022405356617e-01
2.966722800757090606e-01
2.856766344464057306e-01
3.073278017840709864e-01
2.962415341410750691e-01
2.883639864790598639e-01
2.791932054077365666e-01
2.959238522509605174e-01
2.888864915227971619e-01
2.799590970252286981e-01
2.779960964382823252e-01
2.964128522446464742e-01
2.880505286100920048e-01
2.781631548306121027e-01
2.957694660999700687e-01
2.875341901411222478e-01
2.812113408698470041e-01
2.723723295547401113e-01
2.653197869929948549e-01
2.879309684150269111e-01
2.793218432376419758e-01
2.685462746211810248e-01
2.601572342506454083e-01
2.810081450774424838e-01
2.726668923476017747e-01
2.650977982229987817e-01
2.548087342423522861e-01
2.470638990031840676e-01
2.683819393798215769e-01
2.602954518690486774e-01
2.525983457598658943e-01
2.506558099194405864e-01
2.738003625351078663e-01
2.652902450677121493e-01
2.580710623060883946e-01
2.494201388504294348e-01
2.433154742009613070e-01
2.646897398299309923e-01
2.574236299730119915e-01
2.502200681282761296e-01
2.397154633120738842e-01
2.303962718265945286e-01
2.570493098826376333e-01
2.475519512292596869e-01
2.391582072330034614e-01
2.322361280038410525e-01
2.236101147190953375e-01
2.504829367253325056e-01
2.414209973053008385e-01
2.424431826306583659e-01
2.331160685261358945e-01
2.250359246242124023e-01
2.554913933696422168e-01
2.479120823093638459e-01
2.407903630967055952e-01
2.308443790854922129e-01
2.219956200987462658e-01
2.165943527751489905e-01
2.433192738834201729e-01
2.364881547246035498e-01
2.275462223328801326e-01
2.204792875751228065e-01
2.133597752731566655e-01
2.044354005057225365e-01
2.352495787503994795e-01
2.277522181343288044e-01
2.179043672973574874e-01
2.135793723311686931e-01
2.034944811602663328e-01
1.961983585519466444e-01
2.270147561946977699e-01
2.209733007126373772e-01
2.123298484567482658e-01
2.070656291065058330e-01
1.993091418982189944e-01
1.898811316247518977e-01
2.217123887227379631e-01
2.142683694743796885e-01
2.090395996325628003e-01
1.999959547292368689e-01
1.945968305851096536e-01
1.864260157725844969e-01
1.782925892956097602e-01
2.116034199015436323e-01
2.027465129183633474e-01
1.957207726758981303e-01
1.890732109738289812e-01
1.829924267060531740e-01
1.761764783819515789e-01
1.677824639060529754e-01
2.030575702351307132e-01
1.969184318084833130e-01
1.886769703623538963e-01
1.805608837433355374e-01
1.750325159836225719e-01
1.759518488295165883e-01
1.620462394739496659e-01
1.982408820877309963e-01
1.928484186995121918e-01
1.879172695064605658e-01
1.837167692780730388e-01
1.792725183259919475e-01
1.753557095895118823e-01
1.729333061720980391e-01
1.723155602681672727e-01
1.702179472645370673e-01
1.689473644188318469e-01
1.680206752741875142e-01
1.701220407086566910e-01
1.683705220388700408e-01
1.687703472898337276e-01
1.688742960311152286e-01
1.676930937470815230e-01
1.666782870270475947e-01
1.579441897256173566e-01
1.573135929544668965e-01
1.586734733377983542e-01
1.586023421738383121e-01
1.562058193358920044e-01
1.579306581917716557e-01
1.572257182511249685e-01
1.587791874636576006e-01
1.579981345314643848e-01
1.508978722637477621e-01
1.588892887849316926e-01
1.504823453169712721e-01
1.502333539209718960e-01
1.501016825966237367e-01
1.519277518828383022e-01
1.512767976571064432e-01
1.510572615663468565e-01
1.439765173053801639e-01
1.437901228595934444e-01
1.436558908389365952e-01
1.446725285419740992e-01
1.449606651148527825e-01
1.444078571744817907e-01
1.446126066548119593e-01
1.457896686085466131e-01
1.448862589180017202e-01
1.447220902416133104e-01
1.359348215303954333e-01
1.365986399133805040e-01
1.383667378549477134e-01
1.383837342628564115e-01
1.389123255892497355e-01
1.379740625502743900e-01
1.402071678841806668e-01
1.391212722099507415e-01
1.386776343087464114e-01
1.313239889379081149e-01
1.316447447845476848e-01
1.312697811069884202e-01
1.338205538893516566e-01
1.332224831113960062e-01
8.905150999390826216e-02
8.365931700008158445e-02
8.250770935639480108e-02
8.308944484943510400e-02
8.418636574194776623e-02
8.441121329475398394e-02
8.522763330189622732e-02
7.960977401797368624e-02
8.525369087066449192e-02
8.505686967717755731e-02
7.919273005805670118e-02
8.202600172669656520e-02
8.215584320023948395e-02
8.199644982656351111e-02
8.067006339886731436e-02
8.246976789238461003e-02
7.700684582502452524e-02
8.300236882537638528e-02
7.557073276063024092e-02
7.697759054502660570e-02
7.818240828853431634e-02
7.159936218234101701e-02
7.278440945391619066e-02
7.358075634610991567e-02
7.321699908375531307e-02
7.470830787535777395e-02
7.385567071453626176e-02
7.282990978519569836e-02
7.626275606734253532e-02
7.576989356184304913e-02
6.819689499028043500e-02
6.835322822184294878e-02
7.158083800176093248e-02
7.234326546242141054e-02
7.114588901027969758e-02
6.457327912516057367e-02
6.392024178468048989e-02
6.728345871777918763e-02
6.047039079278787588e-02
6.084239632877404963e-02
6.065578913020449464e-02
6.186005757620657852e-02
6.238196168867143898e-02
6.154282825895060483e-02
5.611989241828918562e-02
5.223665419593607334e-02
5.436444955179838695e-02
5.643002400557570880e-02
5.765092011424582941e-02
4.809479636782069273e-02
4.884254273414047332e-02
4.997440625993043728e-02
3.881961700129164111e-02
4.106098843413498456e-02
4.364500534541876364e-02
4.494749901668550901e-02
4.572715628669589416e-02
2.869025063239057441e-02
3.344974643411327553e-02
nan
nan
nan
nan
nan
nan
nan
nan
nan
nan
nan
nan
nan
nan
nan
nan
nan
nan
nan
nan
nan
nan
nan
nan
nan
nan
nan
nan
nan
nan
nan
nan
nan
nan
nan
nan
nan
nan
nan
nan
nan
nan
nan
nan
nan
nan
nan
nan
nan
nan
nan
nan
nan
nan
nan
nan
nan
nan
nan
nan
nan
nan
nan
nan
nan
nan
nan
nan
nan
nan
nan
nan
nan
nan
nan
nan
nan
nan
nan
nan
nan
nan
nan
nan
nan
nan
nan
nan
nan
nan
nan
nan
nan
nan
nan
nan
nan
nan
nan
nan
nan
nan
nan
nan
nan
nan
nan
nan
nan
nan
nan
nan
nan
nan
nan
nan
nan
nan
nan
nan
nan
nan
nan
nan
nan
nan
nan
nan
nan
nan
nan
nan
nan
nan
nan
nan
nan
nan
nan
nan
nan
nan
nan
nan
nan
nan
nan
nan
nan
nan
nan
nan
nan
nan
nan
nan
nan
nan
nan
nan
nan
nan
nan
nan
nan
nan
nan
nan
nan
nan
nan
nan
nan
nan
nan
nan
nan
nan
nan
nan
nan
nan
nan
nan
nan
nan
nan
nan
nan
nan
nan
nan
nan
nan
nan
nan
nan
nan
nan
nan
nan
nan
nan
nan
nan
nan
nan
nan
nan
nan
nan
nan
nan
nan
nan
nan
nan
nan
nan
nan
nan
nan
nan
nan
nan
nan
nan
nan
nan
nan
nan
nan
nan
nan
nan
nan
nan
nan
nan
nan
nan
nan
nan
nan
nan
nan
nan
nan
nan
nan
nan
nan
nan
nan
nan
nan
nan
nan
nan
nan
nan
nan
nan
nan
nan
nan
nan
nan
nan
nan
nan
nan
nan
nan
nan
nan
