Generated by GetData Graph Digitizer 2.26.0.20 on March 12 2025, 10:36
from file 'V_REL.jpg'

Line #1
 0.00000000000000e+000    1.00000000000000e+000
 5.96013010088331e+001    1.11472879393767e+000
 1.04776161175827e+002    1.19635140808339e+000
 1.54976104352104e+002    1.27804187145117e+000
 1.95138603238952e+002    1.33934364358804e+000
 2.60413795443077e+002    1.42123765462202e+000
 3.10651903806765e+002    1.44216913962946e+000
 3.45789319684331e+002    1.50340306254426e+000
 3.96014706318883e+002    1.54458754033848e+000
 5.01477840868131e+002    1.64727733793577e+000
 5.96903531127951e+002    1.72957844430215e+000
 6.97328860938779e+002    1.85245338546415e+000
 7.82742550367446e+002    1.87385981502606e+000
 8.17854522786737e+002    1.97559972351442e+000
 8.93230767925977e+002    1.97661746184541e+000
 9.98528519996438e+002    2.34259616567084e+000
 1.07891712641582e+003    2.36393474601068e+000
 1.15425520636765e+003    2.42571146270201e+000
 1.20439154089824e+003    2.60866689000369e+000
 1.29476670469050e+003    2.73140613272156e+000
 1.40015350886493e+003    2.95561388703953e+000
 1.49541381664596e+003    3.30120389963404e+000
 1.59589003337334e+003    3.34306686964892e+000
 1.70125139408948e+003    3.60778060954045e+000
 1.79657531051621e+003    3.85210565820106e+000
 1.89193739213034e+003    4.03567172850134e+000
 2.00226022721008e+003    4.40171828154883e+000
 2.10767247484278e+003    4.58542005029324e+000
 2.20302183472778e+003    4.78923911338029e+000
 2.29334611160349e+003    4.99299032724528e+000
 2.39872019404878e+003    5.23745107435003e+000
 2.50408155476492e+003    5.50216481424155e+000
 2.60945563721021e+003    5.74662556134630e+000
 2.70979191491708e+003    6.01127145201576e+000
 2.84020236030481e+003    6.39784239473829e+000
